1 108.298000 8.350000 44.587000 54.081000 - 39.840000
2 111.769000 8.563000 45.536000 59.777000 - 41.739000
3 112.637000 8.870000 44.587000 54.081000 - 17.055000
4 114.372000 9.687000 45.536000 55.030000 - 36.043000
5 114.806000 9.131000 57.878000 55.030000 - 34.144000
6 114.806000 7.581000 55.030000 55.979000 - 43.638000
7 114.806000 7.817000 - 56.929000 30.346400 41.739000
8 116.975000 8.149000 - 54.081000 41.738800 36.043000
9 117.843000 8.586000 54.081000 58.827000 33.194500 35.093000
10 118.462000 8.042000 56.929000 44.587000 31.295800 -
11 119.144000 8.835000 45.536000 54.081000 36.042600 45.536000
12 119.144000 9.391000 55.030000 57.878000 38.890700 40.789000
13 119.826000 9.107000 57.878000 45.536000 40.789400 -
14 120.879000 8.291000 54.081000 56.929000 - 31.296000
15 121.313000 8.338000 59.777000 55.979000 41.738800 32.245000
16 121.747000 8.066000 62.625000 56.929000 - 32.245000
17 121.747000 8.717000 55.030000 54.081000 33.194500 42.688000
18 121.747000 9.001000 55.030000 54.081000 36.042600 31.296000
19 121.747000 9.119000 58.827000 54.081000 42.688200 41.739000
20 121.871000 8.515000 54.081000 60.726000 42.688200 71.169000
21 121.871000 8.444000 52.182000 55.979000 - -
22 123.234000 8.575000 55.979000 44.587000 41.738800 -
23 123.916000 8.137000 53.131000 54.081000 36.992000 43.638000
24 123.916000 8.870000 64.524000 54.081000 32.245200 33.194000
25 124.350000 8.930000 54.081000 53.131000 44.586900 31.296000
26 124.350000 9.024000 63.574000 59.777000 69.270400 41.739000
27 125.651000 8.208000 - 55.030000 32.245200 29.397000
28 125.651000 9.225000 61.675000 53.131000 35.093300 36.992000
29 125.961000 7.699000 52.182000 61.675000 19.903400 70.220000
30 126.085000 9.154000 54.081000 52.182000 43.637500 19.903000
31 126.519000 8.468000 - 55.979000 - 30.346000
32 126.519000 8.586000 55.030000 57.878000 43.637500 64.524000
33 126.519000 9.107000 60.726000 54.081000 - 36.043000
34 126.643000 7.794000 55.979000 58.827000 30.346400 42.688000
35 127.387000 8.634000 55.979000 60.726000 31.295800 40.789000
36 127.387000 9.024000 - 53.131000 - 33.194000
37 128.006000 9.083000 53.131000 61.675000 31.295800 35.093000
38 128.688000 9.296000 55.979000 64.524000 43.637500 31.296000
39 108.298000 8.421000 61.675000 64.524000 70.219700 32.245000
40 114.806000 7.403000 54.081000 55.030000 36.042600 42.688000
41 120.445000 10.373000 54.081000 65.473000 39.840100 31.296000
42 125.280000 9.675000 55.030000 52.182000 - 18.954000
43 128.254000 8.054000 - 56.929000 31.295800 33.194000
44 129.122000 9.154000 64.524000 63.574000 31.295800 69.270000
45 129.370000 9.261000 59.777000 62.625000 41.738800 32.245000
46 111.335000 7.356000 58.827000 61.675000 35.093300 37.941000
47 128.006000 8.184000 46.486000 63.574000 30.346400 29.397000
48 128.254000 8.160000 57.878000 56.929000 30.346400 33.194000
