1 108.247000 7.322000 57.938000 56.932000 34.790800 39.320000
2 108.678000 8.180000 44.352000 54.919000 - 41.333000
3 109.109000 8.979000 - 55.422000 37.810000 -
4 109.109000 7.633000 44.855000 55.925000 43.345300 27.746000
5 111.019000 6.094000 62.971000 58.945000 37.810000 36.300000
6 113.220000 7.352000 57.435000 64.983000 31.268300 31.771000
7 113.954000 9.675000 46.365000 61.461000 - 71.525000
8 113.954000 9.734000 46.365000 61.461000 71.021800 71.525000
9 114.711000 6.937000 59.951000 53.913000 70.015400 33.281000
10 114.711000 8.965000 44.855000 58.442000 - 32.275000
11 116.004000 9.142000 56.429000 57.435000 27.745900 41.836000
12 116.400000 8.891000 51.900000 45.861000 - -
13 116.889000 8.624000 53.410000 57.938000 - 35.294000
14 117.134000 6.848000 56.932000 62.467000 39.319700 37.810000
15 117.134000 8.018000 59.448000 54.919000 - 41.836000
16 117.728000 9.127000 56.429000 51.900000 - 40.829000
17 118.846000 7.662000 54.919000 45.358000 32.777900 -
18 119.091000 7.899000 57.938000 56.429000 38.313200 42.339000
19 119.091000 8.240000 59.448000 54.919000 40.829300 41.333000
20 120.069000 8.506000 59.448000 56.932000 41.332500 32.275000
21 120.069000 9.364000 53.913000 46.365000 - -
22 120.314000 8.314000 - 54.416000 - 41.333000
23 120.314000 8.565000 55.422000 56.429000 - 40.829000
24 120.314000 8.536000 - 62.971000 41.835700 69.009000
25 120.559000 8.284000 58.945000 55.925000 - -
26 120.745000 7.825000 - 54.919000 34.790800 37.810000
27 121.176000 8.225000 61.964000 54.416000 - 41.333000
28 121.176000 8.624000 58.945000 53.410000 54.919100 35.797000
29 121.607000 7.588000 58.945000 55.422000 - 34.288000
30 122.026000 8.284000 58.945000 62.971000 39.319700 32.275000
31 122.038000 9.201000 53.913000 49.887000 32.777900 22.211000
32 122.760000 8.491000 55.925000 44.352000 42.338900 -
33 123.005000 7.603000 52.906000 57.435000 - 37.810000
34 123.005000 8.136000 55.422000 57.938000 31.268300 39.823000
35 123.331000 8.299000 56.429000 54.416000 32.274700 44.352000
36 123.762000 9.216000 49.887000 55.422000 22.210600 35.294000
37 123.762000 8.388000 59.448000 62.971000 60.957600 31.771000
38 124.717000 9.290000 64.983000 53.410000 65.989700 43.849000
39 125.055000 8.373000 54.416000 57.435000 33.281200 29.759000
40 125.695000 9.187000 53.410000 59.951000 - 41.333000
41 125.940000 7.796000 - 58.945000 70.015400 40.829000
42 126.348000 8.994000 64.480000 54.919000 60.957600 42.339000
43 126.348000 9.024000 - 59.448000 42.338900 38.313000
44 127.210000 8.151000 54.919000 59.448000 - 42.339000
45 127.652000 8.077000 - 57.938000 - 64.480000
46 128.503000 9.438000 - 63.977000 39.822900 -
47 128.503000 9.497000 - 63.977000 39.822900 -
48 129.365000 9.083000 - 53.913000 46.867800 37.307000
49 131.566000 9.423000 63.474000 53.913000 32.274700 32.778000
50 108.678000 8.092000 44.855000 54.416000 - 41.333000
51 115.666000 7.899000 57.435000 63.977000 - 39.823000
52 118.846000 9.053000 56.932000 61.964000 62.970500 32.778000
53 119.580000 8.758000 55.422000 44.855000 - -
54 119.883000 8.003000 - 54.416000 55.925500 41.333000
55 120.559000 8.743000 56.932000 62.467000 - 32.778000
56 121.782000 7.070000 62.971000 54.919000 74.544300 32.275000
57 122.271000 8.639000 54.919000 58.945000 44.351700 63.977000
58 124.193000 8.536000 60.958000 54.919000 32.777900 34.791000
59 125.206000 8.698000 61.461000 64.480000 - 31.771000
60 125.451000 8.891000 54.919000 63.977000 - 32.275000
61 128.072000 8.610000 - 54.416000 - 32.275000
