1	108.400000	8.127000	45.841000	53.872000			-	40.234000
2	109.436000	8.637000	45.368000	55.526000	46.273400	34.195000
3	110.471000	7.774000	60.014000	55.053000	71.253700	40.783000
4	111.507000	7.582000	58.596000	55.526000			-	44.077000
5	112.128000	7.840000	59.778000	62.376000	68.783100	32.273000
6	113.992000	7.787000	55.526000	56.943000	34.195100	44.352000
7	115.028000	6.547000	63.557000	58.596000	30.901000	61.920000
8	115.235000	8.270000	57.888000	63.557000	28.155900	31.175000
9	115.235000	9.367000	44.187000	57.416000			-	32.822000
10	115.442000	8.231000	53.872000	59.541000	40.234300	29.803000
11	116.892000	9.040000	44.660000	58.360000			-	33.371000
12	117.288000	7.308000	56.707000	45.368000			-			-
13	117.720000	7.761000	55.762000	59.305000	44.077400	29.528000
14	117.720000	8.623000	60.722000	65.683000	28.704900	31.724000
15	117.927000	9.093000			-	56.234000			-	32.273000
16	118.134000	7.527000	55.998000	57.888000	32.548000	28.156000
17	118.549000	7.370000	58.360000	54.108000	33.371500	34.744000
18	118.549000	8.212000	59.305000	63.321000	41.057800	32.548000
19	118.756000	8.570000	55.526000	58.833000	56.430200	64.117000
20	118.963000	8.061000	56.707000	53.872000	40.783300	41.607000
21	119.170000	8.818000	51.982000	56.943000	39.959700	43.528000
22	119.377000	7.842000	58.833000	66.392000	59.724300	31.450000
23	119.584000	7.618000	59.069000	57.652000	59.998800	41.332000
24	119.791000	8.035000	53.636000	56.471000	31.999000	43.528000
25	119.791000	9.641000	61.904000	60.959000			-	70.705000
26	119.791000	7.618000			-	61.195000			-	32.273000
27	120.205000	8.009000	58.124000	55.762000			-	42.430000
28	120.207000	8.678000	56.471000	55.526000	39.685200	33.646000
29	120.832000	8.061000	66.156000	55.526000	31.450000	29.803000
30	121.241000	7.957000	60.250000	45.132000			-			-
31	121.250000	9.145000	56.943000	55.998000	43.528400	33.097000
32	121.448000	9.040000			-	55.762000	33.371500	32.548000
33	121.667000	8.584000	57.416000	56.471000	30.077400	30.627000
34	121.667000	8.061000	55.289000	44.660000	41.881300			-
35	122.292000	8.938000	61.904000	60.722000	70.979200	34.470000
36	122.292000	7.552000	56.707000	45.841000	32.822500			-
37	122.501000	8.584000	59.541000	61.904000	29.802900	70.705000
38	122.691000	10.346000	54.817000	61.667000	32.822500	70.979000
39	122.691000	9.001000			-	60.959000	70.704700	34.195000
40	122.691000	8.035000	55.762000	53.400000			-	38.862000
41	122.709000	8.623000	52.455000	54.345000	31.724500	34.195000
42	122.918000	8.988000	55.998000	54.108000	33.097000	36.940000
43	123.105000	9.811000	54.108000	55.762000	36.940200	34.195000
44	123.105000	8.401000	59.069000	64.974000			-	32.273000
45	123.126000	8.678000	55.762000	58.124000	34.469600	30.627000
46	123.543000	7.678000	56.234000	44.187000			-			-
47	123.752000	6.939000	62.612000	55.998000			-	31.999000
48	123.934000	7.813000	58.596000	60.722000			-	28.705000
49	124.141000	9.158000	53.872000	55.289000	45.724400	41.881000
50	124.169000	9.315000	56.707000	55.053000	41.332300	35.293000
51	124.348000	9.432000	54.108000	59.778000			-	40.783000
52	124.586000	8.544000	62.376000	56.707000	32.548000	41.332000
53	125.003000	8.936000	61.667000	55.762000	70.979200	34.195000
54	125.420000	8.404000	61.667000	55.289000	40.783300	34.470000
55	126.005000	8.662000			-	55.526000	29.802900	36.940000
56	126.212000	8.257000	55.762000	59.069000	34.195100	35.568000
57	126.254000	7.957000	53.872000	51.982000	41.606800	39.960000
58	126.254000	8.140000	55.053000	59.541000	40.783300	36.391000
59	126.419000	8.938000	59.778000	62.376000	40.783300	32.548000
60	126.626000	7.905000	54.108000	56.943000			-	34.470000
61	126.880000	9.328000	60.250000	56.707000			-	36.666000
62	127.297000	6.992000	55.526000	57.652000	40.508800	34.195000
63	127.662000	8.570000			-	55.762000	32.273500	42.979000
64	127.922000	7.983000	59.541000	55.526000	36.391100	40.509000
65	127.922000	8.349000	59.541000	55.762000	34.469600	42.979000
66	127.922000	9.354000	58.124000	55.762000	30.626500	33.371000
67	128.548000	9.288000	64.266000	55.762000	32.273500	34.744000
68	130.147000	8.719000	56.471000	64.266000	43.528400	32.273000
69	130.768000	9.275000	56.943000	59.541000	34.469600	41.058000
70	131.259000	9.745000	60.722000	53.872000	34.469600	45.724000
71	131.390000	9.569000	60.959000	54.581000	34.195100	32.822000
72	131.676000	8.610000	56.943000	59.778000	44.351900	34.470000
73	116.685000	7.813000	53.872000	60.014000	39.136200	71.528000
74	117.513000	7.657000			-	58.124000	41.332300	31.450000
75	121.250000	7.979000	55.998000	55.053000	31.999000	32.822000
76	121.875000	8.801000	54.581000	56.471000	42.979300	39.685000
77	122.484000	8.020000	59.305000	58.124000			-			-
78	122.501000	8.650000	59.541000	61.904000			-			-
79	122.501000	7.952000	55.053000	56.707000	35.293100	32.822000
80	123.126000	9.367000	57.652000	54.581000	34.195100	42.979000
81	125.003000	8.074000	54.108000	55.998000	55.057700	32.548000
82	125.798000	9.040000	54.581000	60.250000	32.822500	36.666000
83	127.922000	9.171000	54.345000	61.667000	55.332200	40.783000
84	128.339000	7.683000	55.289000	62.612000			-	31.999000
85	129.526000	9.706000	54.345000	61.904000	39.685200	70.979000
