1 106.966000 8.182000 44.911000 56.816000 - 33.006000
2 107.729000 7.578000 58.006000 59.197000 30.625400 38.959000
3 109.254000 8.158000 60.387000 59.197000 71.101400 41.340000
4 109.636000 7.898000 58.006000 54.435000 - 18.721000
5 110.399000 7.649000 61.578000 58.006000 63.958600 38.959000
6 110.780000 7.247000 59.197000 58.006000 36.577700 40.149000
7 111.162000 7.992000 61.578000 55.625000 63.958600 17.530000
8 113.451000 7.566000 56.816000 54.435000 25.863500 41.340000
9 113.832000 8.099000 62.768000 68.721000 - 30.625000
10 114.214000 8.253000 55.625000 54.435000 41.339600 36.578000
11 114.595000 7.566000 56.816000 59.197000 29.434900 28.244000
12 114.977000 7.141000 59.197000 55.625000 - 41.340000
13 114.977000 9.341000 61.578000 55.625000 - 41.340000
14 116.502000 8.241000 61.578000 55.625000 - 17.530000
15 117.265000 8.028000 - 58.006000 40.149200 41.340000
16 117.265000 8.359000 58.006000 66.340000 38.958700 37.768000
17 117.647000 7.413000 - 58.006000 - 40.149000
18 117.647000 8.513000 61.578000 68.721000 - 31.816000
19 118.028000 7.732000 - 60.387000 68.720500 31.816000
20 118.410000 7.756000 67.530000 55.625000 - 16.340000
21 118.410000 7.839000 65.149000 59.197000 36.577700 29.435000
22 118.410000 7.602000 59.197000 58.006000 - 29.435000
23 118.410000 7.779000 59.197000 58.006000 - 30.625000
24 119.173000 7.945000 66.340000 67.530000 37.768200 31.816000
25 119.936000 9.460000 56.816000 58.006000 66.339600 37.768000
26 120.317000 8.205000 62.768000 66.340000 - 37.768000
27 120.699000 7.874000 58.006000 44.911000 - -
28 120.699000 8.134000 60.387000 66.340000 - 67.530000
29 121.080000 8.052000 55.625000 62.768000 37.768200 -
30 121.080000 8.347000 55.625000 62.768000 - 37.768000
31 121.462000 8.655000 66.340000 59.197000 37.768200 29.435000
32 121.843000 7.933000 54.435000 61.578000 18.720600 -
33 122.225000 8.797000 - 58.006000 - 41.340000
34 122.606000 8.549000 54.435000 66.340000 17.530200 37.768000
35 122.606000 8.773000 - 55.625000 - 37.768000
36 124.513000 8.395000 55.625000 66.340000 17.530200 37.768000
37 108.110000 7.898000 59.197000 56.816000 34.196800 25.863000
38 112.688000 7.910000 59.197000 58.006000 - 27.054000
39 113.069000 7.862000 54.435000 60.387000 - 34.197000
40 116.121000 7.460000 56.816000 54.435000 33.006300 17.530000
41 118.410000 8.655000 58.006000 59.197000 - 30.625000
42 118.791000 9.105000 68.721000 60.387000 31.815800 30.625000
43 119.173000 8.371000 55.625000 52.054000 30.625400 62.768000
44 120.317000 8.537000 59.197000 66.340000 - 67.530000
45 121.080000 7.768000 - 59.197000 29.434900 28.244000
46 121.843000 7.330000 58.006000 59.197000 - 36.578000
47 122.225000 8.359000 60.387000 61.578000 - 67.530000
